0.0000 0.0000 2.3940 0.0000
0.0000 1.2150 0.7900 1.2150
0.0000 1.8390 0.3900 1.8390
0.0000 2.4250 0.3900 2.4250
0.0000 4.8010 2.3940 4.8010
0.5100 0.0000 0.5100 0.4100
1.3400 0.4400 1.5200 0.7850
1.7000 1.4220 0.7400 2.1380
1.0380 1.8980 0.8030 1.5770
0.7610 2.1320 0.9960 2.4450
0.9960 2.4450 0.6960 2.6850
0.6960 2.6850 0.6960 3.4820
0.6960 3.5970 0.6960 4.3950
0.6970 4.0000 1.1000 4.0000
1.6220 4.2620 2.0000 4.2620
1.6060 2.4520 2.4000 2.4520
0.0000 0.0000 0.0000 4.8000
2.4000 4.8000 2.4000 0.0000
0.7000 3.2940 1.0950 3.2940
