0.225000 0.225000
1.099000 1.218182
1.099000 1.615455
1.536000 1.218182
1.536000 1.416818
1.536000 1.615455
1.536000 1.814091
1.973000 2.211364
0.662000 1.019545
0.662000 0.423636
0.662000 0.820909
0.662000 0.225000
1.973000 0.225000
1.536000 0.225000
1.099000 0.225000
1.973000 0.423636
1.973000 0.622273
1.973000 0.820909
0.662000 1.615455
0.225000 1.019545
0.225000 1.218182
0.225000 0.423636
0.225000 2.012727
0.662000 2.211364
0.225000 2.211364
0.662000 2.012727
0.225000 1.814091
0.225000 1.615455
0.225000 1.416818
0.225000 0.622273
0.225000 0.820909
